{"cells":[{"cell_type":"markdown","metadata":{"id":"VIRzxOTjiq4Y"},"source":["# Módulo 3 · Rebalanceo Óptimo vía Programación Dinámica (Bellman)\n","\n","Proyecto: Análisis y Diseño de Algoritmos · Optimización de Portafolios\n","\n","Se resuelve, mediante **backward induction**, la ecuación de Bellman sobre un estado\n","escalar de exposición al portafolio óptimo (tangente) vs. efectivo, discretizado en una\n","grilla `Δw`. Esta simplificación mantiene el espacio de estados tratable computacionalmente\n","frente a un espacio de pesos multidimensional."],"id":"VIRzxOTjiq4Y"},{"cell_type":"code","execution_count":null,"metadata":{"id":"qbuRNlX4iq4a"},"outputs":[],"source":["!pip install yfinance plotly -q\n","\n","import numpy as np\n","import pandas as pd\n","import plotly.express as px\n","import plotly.graph_objects as go\n","import yfinance as yf\n","from scipy.optimize import minimize\n","import json\n","\n","# ==============================================================\n","# VARIABLES GLOBALES\n","# ==============================================================\n","TICKERS = ['FSM', 'VOLCABC1.LM', 'ABX.TO', 'BVN', 'BHP']\n","START_DATE = '2015-01-01'\n","END_DATE = '2024-12-31'\n","CAPITAL = 100000\n","COSTO_TRANSACCION_PCT = 0.1     # costo lineal (%) por unidad de ajuste\n","HORIZONTE = 12                  # numero de periodos (meses)\n","GRID_STEP = 0.01                # resolucion de la grilla de estados\n","AVERSION_RIESGO = 3.0           # coeficiente de aversion al riesgo (utilidad tipo Merton)"],"id":"qbuRNlX4iq4a"},{"cell_type":"code","execution_count":null,"metadata":{"colab":{"base_uri":"https://localhost:8080/"},"id":"xe02vZZliq4b","executionInfo":{"status":"ok","timestamp":1783562043437,"user_tz":300,"elapsed":1605,"user":{"displayName":"Josue Martines","userId":"18233336501821663280"}},"outputId":"c45cab99-6aa8-4c19-eeb6-da0e7fc7b40a"},"outputs":[{"output_type":"stream","name":"stdout","text":["Portafolio tangente -> retorno anual: 7.74%  |  volatilidad anual: 27.83%\n"]}],"source":["def cargar_datos(tickers, start, end):\n","    raw = yf.download(tickers, start=start, end=end, auto_adjust=True, progress=False)\n","    if isinstance(raw.columns, pd.MultiIndex):\n","        precios = raw['Close']\n","    else:\n","        precios = raw[['Close']]\n","        precios.columns = tickers\n","    precios = precios.dropna(how='all').ffill().dropna()\n","    tick_list = list(precios.columns)\n","    log_returns = np.log(precios / precios.shift(1)).dropna()\n","    mu = log_returns.mean() * 252\n","    cov = log_returns.cov() * 252\n","    return precios, log_returns, mu, cov, tick_list\n","\n","precios, log_returns, mu, cov, TICK_LIST = cargar_datos(TICKERS, START_DATE, END_DATE)\n","\n","def rendimiento_portafolio(pesos, mu, cov):\n","    ret = float(np.dot(pesos, mu))\n","    vol = float(np.sqrt(pesos @ cov @ pesos))\n","    return ret, vol\n","\n","def _neg_sharpe(pesos, mu, cov, rf=0.0):\n","    ret, vol = rendimiento_portafolio(pesos, mu, cov)\n","    return -(ret - rf) / vol if vol > 0 else 0.0\n","\n","def optimizar_max_sharpe(mu, cov, rf=0.0):\n","    n = len(mu)\n","    bounds = tuple((0.0, 1.0) for _ in range(n))\n","    cons = ({'type': 'eq', 'fun': lambda w: np.sum(w) - 1},)\n","    init = np.repeat(1.0 / n, n)\n","    res = minimize(_neg_sharpe, init, args=(mu.values, cov.values, rf),\n","                    method='SLSQP', bounds=bounds, constraints=cons)\n","    return res.x if res.success else init\n","\n","w_tangente = optimizar_max_sharpe(mu, cov)\n","mu_p, sigma_p = rendimiento_portafolio(w_tangente, mu.values, cov.values)\n","print(f\"Portafolio tangente -> retorno anual: {mu_p*100:.2f}%  |  volatilidad anual: {sigma_p*100:.2f}%\")"],"id":"xe02vZZliq4b"},{"cell_type":"markdown","metadata":{"id":"0HVCN1chiq4c"},"source":["## Formulación del problema de Bellman\n","\n","Estado $s_t \\in [0,1]$: fracción del capital expuesta al portafolio tangente (el resto en\n","efectivo, retorno 0). Recompensa por periodo tipo utilidad media-varianza (Merton):\n","\n","$$r(s) = s\\,\\mu_p - \\tfrac{1}{2}\\lambda\\, s^2 \\sigma_p^2$$\n","\n","Costo de ajuste lineal entre estados consecutivos: $c(s_{t-1}, s_t) = \\text{costo}\\cdot|s_t - s_{t-1}|$.\n","\n","La ecuación de Bellman (backward induction) es:\n","\n","$$J^*_t(s_{t-1}) = \\max_{s_t \\in \\text{grid}} \\Big[ r(s_t) - c(s_{t-1}, s_t) + J^*_{t+1}(s_t) \\Big], \\qquad J^*_T(\\cdot) = 0$$"],"id":"0HVCN1chiq4c"},{"cell_type":"code","execution_count":null,"metadata":{"colab":{"base_uri":"https://localhost:8080/"},"id":"3YeGngZXiq4d","executionInfo":{"status":"ok","timestamp":1783562045240,"user_tz":300,"elapsed":19,"user":{"displayName":"Josue Martines","userId":"18233336501821663280"}},"outputId":"57f1071b-fef3-4815-a099-f847ba3e0635"},"outputs":[{"output_type":"stream","name":"stdout","text":["Estados discretizados: 101  |  Horizonte: 12 periodos\n"]}],"source":["def ejecutar_dp_rebalanceo(mu_p, sigma_p, costo_trans_pct, horizonte, grid_step, aversion_riesgo=3.0):\n","    grid = np.round(np.arange(0.0, 1.0 + grid_step, grid_step), 6)\n","    grid = grid[grid <= 1.0 + 1e-9]\n","    n_estados = len(grid)\n","\n","    recompensa = grid * mu_p - 0.5 * aversion_riesgo * (grid ** 2) * (sigma_p ** 2)\n","    costo_pct = costo_trans_pct / 100.0\n","    matriz_costos = costo_pct * np.abs(grid.reshape(-1, 1) - grid.reshape(1, -1))\n","\n","    J = np.zeros((horizonte + 1, n_estados))\n","    politica = np.zeros((horizonte, n_estados), dtype=int)\n","\n","    for t in range(horizonte - 1, -1, -1):\n","        for i in range(n_estados):\n","            valores = recompensa - matriz_costos[i, :] + J[t + 1, :]\n","            j_best = int(np.argmax(valores))\n","            J[t, i] = valores[j_best]\n","            politica[t, i] = j_best\n","\n","    return grid, J, politica, matriz_costos\n","\n","grid, J, politica, matriz_costos = ejecutar_dp_rebalanceo(\n","    mu_p, sigma_p, COSTO_TRANSACCION_PCT, HORIZONTE, GRID_STEP, AVERSION_RIESGO\n",")\n","print(f\"Estados discretizados: {len(grid)}  |  Horizonte: {HORIZONTE} periodos\")"],"id":"3YeGngZXiq4d"},{"cell_type":"markdown","metadata":{"id":"ikIP0rYhiq4d"},"source":["## Resolución y política óptima\n","\n","Se extrae la trayectoria de decisiones óptimas (`No Cambiar` / `Rebalancear Compra` /\n","`Rebalancear Venta`) partiendo de un estado inicial neutro ($s_0 = 0.5$)."],"id":"ikIP0rYhiq4d"},{"cell_type":"code","execution_count":null,"metadata":{"colab":{"base_uri":"https://localhost:8080/","height":425},"id":"TMMRD41kiq4e","executionInfo":{"status":"ok","timestamp":1783562047810,"user_tz":300,"elapsed":40,"user":{"displayName":"Josue Martines","userId":"18233336501821663280"}},"outputId":"3ec4ea3f-d334-406b-fa6a-e6f5f7a3745a"},"outputs":[{"output_type":"execute_result","data":{"text/plain":["   Periodo    Decision Optima\n","0      T_0  Rebalancear Venta\n","1      T_1         No Cambiar\n","2      T_2         No Cambiar\n","3      T_3         No Cambiar\n","4      T_4         No Cambiar\n","5      T_5         No Cambiar\n","6      T_6         No Cambiar\n","7      T_7         No Cambiar\n","8      T_8         No Cambiar\n","9      T_9         No Cambiar\n","10    T_10         No Cambiar\n","11    T_11         No Cambiar"],"text/html":["\n","  <div id=\"df-b48a8773-178f-4f12-8d3a-1a5821d7ca0b\" class=\"colab-df-container\">\n","    <div>\n","<style scoped>\n","    .dataframe tbody tr th:only-of-type {\n","        vertical-align: middle;\n","    }\n","\n","    .dataframe tbody tr th {\n","        vertical-align: top;\n","    }\n","\n","    .dataframe thead th {\n","        text-align: right;\n","    }\n","</style>\n","<table border=\"1\" class=\"dataframe\">\n","  <thead>\n","    <tr style=\"text-align: right;\">\n","      <th></th>\n","      <th>Periodo</th>\n","      <th>Decision Optima</th>\n","    </tr>\n","  </thead>\n","  <tbody>\n","    <tr>\n","      <th>0</th>\n","      <td>T_0</td>\n","      <td>Rebalancear Venta</td>\n","    </tr>\n","    <tr>\n","      <th>1</th>\n","      <td>T_1</td>\n","      <td>No Cambiar</td>\n","    </tr>\n","    <tr>\n","      <th>2</th>\n","      <td>T_2</td>\n","      <td>No Cambiar</td>\n","    </tr>\n","    <tr>\n","      <th>3</th>\n","      <td>T_3</td>\n","      <td>No Cambiar</td>\n","    </tr>\n","    <tr>\n","      <th>4</th>\n","      <td>T_4</td>\n","      <td>No Cambiar</td>\n","    </tr>\n","    <tr>\n","      <th>5</th>\n","      <td>T_5</td>\n","      <td>No Cambiar</td>\n","    </tr>\n","    <tr>\n","      <th>6</th>\n","      <td>T_6</td>\n","      <td>No Cambiar</td>\n","    </tr>\n","    <tr>\n","      <th>7</th>\n","      <td>T_7</td>\n","      <td>No Cambiar</td>\n","    </tr>\n","    <tr>\n","      <th>8</th>\n","      <td>T_8</td>\n","      <td>No Cambiar</td>\n","    </tr>\n","    <tr>\n","      <th>9</th>\n","      <td>T_9</td>\n","      <td>No Cambiar</td>\n","    </tr>\n","    <tr>\n","      <th>10</th>\n","      <td>T_10</td>\n","      <td>No Cambiar</td>\n","    </tr>\n","    <tr>\n","      <th>11</th>\n","      <td>T_11</td>\n","      <td>No Cambiar</td>\n","    </tr>\n","  </tbody>\n","</table>\n","</div>\n","    <div class=\"colab-df-buttons\">\n","\n","  <div class=\"colab-df-container\">\n","    <button class=\"colab-df-convert\" onclick=\"convertToInteractive('df-b48a8773-178f-4f12-8d3a-1a5821d7ca0b')\"\n","            title=\"Convert this dataframe to an interactive table.\"\n","            style=\"display:none;\">\n","\n","  <svg xmlns=\"http://www.w3.org/2000/svg\" height=\"24px\" viewBox=\"0 -960 960 960\">\n","    <path d=\"M120-120v-720h720v720H120Zm60-500h600v-160H180v160Zm220 220h160v-160H400v160Zm0 220h160v-160H400v160ZM180-400h160v-160H180v160Zm440 0h160v-160H620v160ZM180-180h160v-160H180v160Zm440 0h160v-160H620v160Z\"/>\n","  </svg>\n","    </button>\n","\n","  <style>\n","    .colab-df-container {\n","      display:flex;\n","      gap: 12px;\n","    }\n","\n","    .colab-df-convert {\n","      background-color: #E8F0FE;\n","      border: none;\n","      border-radius: 50%;\n","      cursor: pointer;\n","      display: none;\n","      fill: #1967D2;\n","      height: 32px;\n","      padding: 0 0 0 0;\n","      width: 32px;\n","    }\n","\n","    .colab-df-convert:hover {\n","      background-color: #E2EBFA;\n","      box-shadow: 0px 1px 2px rgba(60, 64, 67, 0.3), 0px 1px 3px 1px rgba(60, 64, 67, 0.15);\n","      fill: #174EA6;\n","    }\n","\n","    .colab-df-buttons div {\n","      margin-bottom: 4px;\n","    }\n","\n","    [theme=dark] .colab-df-convert {\n","      background-color: #3B4455;\n","      fill: #D2E3FC;\n","    }\n","\n","    [theme=dark] .colab-df-convert:hover {\n","      background-color: #434B5C;\n","      box-shadow: 0px 1px 3px 1px rgba(0, 0, 0, 0.15);\n","      filter: drop-shadow(0px 1px 2px rgba(0, 0, 0, 0.3));\n","      fill: #FFFFFF;\n","    }\n","  </style>\n","\n","    <script>\n","      const buttonEl =\n","        document.querySelector('#df-b48a8773-178f-4f12-8d3a-1a5821d7ca0b button.colab-df-convert');\n","      buttonEl.style.display =\n","        google.colab.kernel.accessAllowed ? 'block' : 'none';\n","\n","      async function convertToInteractive(key) {\n","        const element = document.querySelector('#df-b48a8773-178f-4f12-8d3a-1a5821d7ca0b');\n","        const dataTable =\n","          await google.colab.kernel.invokeFunction('convertToInteractive',\n","                                                    [key], {});\n","        if (!dataTable) return;\n","\n","        const docLinkHtml = 'Like what you see? Visit the ' +\n","          '<a target=\"_blank\" href=https://colab.research.google.com/notebooks/data_table.ipynb>data table notebook</a>'\n","          + ' to learn more about interactive tables.';\n","        element.innerHTML = '';\n","        dataTable['output_type'] = 'display_data';\n","        await google.colab.output.renderOutput(dataTable, element);\n","        const docLink = document.createElement('div');\n","        docLink.innerHTML = docLinkHtml;\n","        element.appendChild(docLink);\n","      }\n","    </script>\n","  </div>\n","\n","\n","  <div id=\"id_09fbdb55-398c-4cf9-a8af-7d2547011b42\">\n","    <style>\n","      .colab-df-generate {\n","        background-color: #E8F0FE;\n","        border: none;\n","        border-radius: 50%;\n","        cursor: pointer;\n","        display: none;\n","        fill: #1967D2;\n","        height: 32px;\n","        padding: 0 0 0 0;\n","        width: 32px;\n","      }\n","\n","      .colab-df-generate:hover {\n","        background-color: #E2EBFA;\n","        box-shadow: 0px 1px 2px rgba(60, 64, 67, 0.3), 0px 1px 3px 1px rgba(60, 64, 67, 0.15);\n","        fill: #174EA6;\n","      }\n","\n","      [theme=dark] .colab-df-generate {\n","        background-color: #3B4455;\n","        fill: #D2E3FC;\n","      }\n","\n","      [theme=dark] .colab-df-generate:hover {\n","        background-color: #434B5C;\n","        box-shadow: 0px 1px 3px 1px rgba(0, 0, 0, 0.15);\n","        filter: drop-shadow(0px 1px 2px rgba(0, 0, 0, 0.3));\n","        fill: #FFFFFF;\n","      }\n","    </style>\n","    <button class=\"colab-df-generate\" onclick=\"generateWithVariable('df_acciones')\"\n","            title=\"Generate code using this dataframe.\"\n","            style=\"display:none;\">\n","\n","  <svg xmlns=\"http://www.w3.org/2000/svg\" height=\"24px\"viewBox=\"0 0 24 24\"\n","       width=\"24px\">\n","    <path d=\"M7,19H8.4L18.45,9,17,7.55,7,17.6ZM5,21V16.75L18.45,3.32a2,2,0,0,1,2.83,0l1.4,1.43a1.91,1.91,0,0,1,.58,1.4,1.91,1.91,0,0,1-.58,1.4L9.25,21ZM18.45,9,17,7.55Zm-12,3A5.31,5.31,0,0,0,4.9,8.1,5.31,5.31,0,0,0,1,6.5,5.31,5.31,0,0,0,4.9,4.9,5.31,5.31,0,0,0,6.5,1,5.31,5.31,0,0,0,8.1,4.9,5.31,5.31,0,0,0,12,6.5,5.46,5.46,0,0,0,6.5,12Z\"/>\n","  </svg>\n","    </button>\n","    <script>\n","      (() => {\n","      const buttonEl =\n","        document.querySelector('#id_09fbdb55-398c-4cf9-a8af-7d2547011b42 button.colab-df-generate');\n","      buttonEl.style.display =\n","        google.colab.kernel.accessAllowed ? 'block' : 'none';\n","\n","      buttonEl.onclick = () => {\n","        google.colab.notebook.generateWithVariable('df_acciones');\n","      }\n","      })();\n","    </script>\n","  </div>\n","\n","    </div>\n","  </div>\n"],"application/vnd.google.colaboratory.intrinsic+json":{"type":"dataframe","variable_name":"df_acciones","summary":"{\n  \"name\": \"df_acciones\",\n  \"rows\": 12,\n  \"fields\": [\n    {\n      \"column\": \"Periodo\",\n      \"properties\": {\n        \"dtype\": \"string\",\n        \"num_unique_values\": 12,\n        \"samples\": [\n          \"T_10\",\n          \"T_9\",\n          \"T_0\"\n        ],\n        \"semantic_type\": \"\",\n        \"description\": \"\"\n      }\n    },\n    {\n      \"column\": \"Decision Optima\",\n      \"properties\": {\n        \"dtype\": \"category\",\n        \"num_unique_values\": 2,\n        \"samples\": [\n          \"No Cambiar\",\n          \"Rebalancear Venta\"\n        ],\n        \"semantic_type\": \"\",\n        \"description\": \"\"\n      }\n    }\n  ]\n}"}},"metadata":{},"execution_count":4}],"source":["estado_actual = int(np.argmin(np.abs(grid - 0.5)))\n","decisiones = []\n","for t in range(HORIZONTE):\n","    siguiente = politica[t, estado_actual]\n","    delta = grid[siguiente] - grid[estado_actual]\n","    if abs(delta) < 1e-9:\n","        decisiones.append('No Cambiar')\n","    elif delta > 0:\n","        decisiones.append('Rebalancear Compra')\n","    else:\n","        decisiones.append('Rebalancear Venta')\n","    estado_actual = siguiente\n","\n","df_acciones = pd.DataFrame({'Periodo': [f'T_{i}' for i in range(HORIZONTE)], 'Decision Optima': decisiones})\n","df_acciones"],"id":"TMMRD41kiq4e"},{"cell_type":"markdown","metadata":{"id":"H3a80Cd9iq4e"},"source":["## Heatmap de costos y simulación de riqueza\n","\n","Se visualiza la matriz de costos entre todos los pares de estados y se simula hacia\n","adelante la trayectoria de riqueza de la estrategia DP frente a Buy & Hold y a un\n","rebalanceo permanente a exposición total ($s=1$)."],"id":"H3a80Cd9iq4e"},{"cell_type":"code","execution_count":null,"metadata":{"colab":{"base_uri":"https://localhost:8080/","height":1000},"id":"IEG1T9zkiq4f","executionInfo":{"status":"ok","timestamp":1783562054058,"user_tz":300,"elapsed":3837,"user":{"displayName":"Josue Martines","userId":"18233336501821663280"}},"outputId":"d8544a07-ddde-4cb3-aa25-67c9b4db3ea7"},"outputs":[{"output_type":"display_data","data":{"text/html":["<html>\n","<head><meta charset=\"utf-8\" /></head>\n","<body>\n","    <div>            <script src=\"https://cdnjs.cloudflare.com/ajax/libs/mathjax/2.7.5/MathJax.js?config=TeX-AMS-MML_SVG\"></script><script type=\"text/javascript\">if (window.MathJax && window.MathJax.Hub && window.MathJax.Hub.Config) {window.MathJax.Hub.Config({SVG: {font: \"STIX-Web\"}});}</script>                <script type=\"text/javascript\">window.PlotlyConfig = {MathJaxConfig: 'local'};</script>\n","        <script charset=\"utf-8\" src=\"https://cdn.plot.ly/plotly-2.35.2.min.js\"></script>                <div id=\"8d436d97-03e7-479d-a762-7af0f211761e\" class=\"plotly-graph-div\" style=\"height:525px; width:100%;\"></div>            <script type=\"text/javascript\">                                    window.PLOTLYENV=window.PLOTLYENV || {};                                    if (document.getElementById(\"8d436d97-03e7-479d-a762-7af0f211761e\")) {                    Plotly.newPlot(                        \"8d436d97-03e7-479d-a762-7af0f211761e\",                        [{\"coloraxis\":\"coloraxis\",\"name\":\"0\",\"x\":[\"0.00\",\"0.01\",\"0.02\",\"0.03\",\"0.04\",\"0.05\",\"0.06\",\"0.07\",\"0.08\",\"0.09\",\"0.10\",\"0.11\",\"0.12\",\"0.13\",\"0.14\",\"0.15\",\"0.16\",\"0.17\",\"0.18\",\"0.19\",\"0.20\",\"0.21\",\"0.22\",\"0.23\",\"0.24\",\"0.25\",\"0.26\",\"0.27\",\"0.28\",\"0.29\",\"0.30\",\"0.31\",\"0.32\",\"0.33\",\"0.34\",\"0.35\",\"0.36\",\"0.37\",\"0.38\",\"0.39\",\"0.40\",\"0.41\",\"0.42\",\"0.43\",\"0.44\",\"0.45\",\"0.46\",\"0.47\",\"0.48\",\"0.49\",\"0.50\",\"0.51\",\"0.52\",\"0.53\",\"0.54\",\"0.55\",\"0.56\",\"0.57\",\"0.58\",\"0.59\",\"0.60\",\"0.61\",\"0.62\",\"0.63\",\"0.64\",\"0.65\",\"0.66\",\"0.67\",\"0.68\",\"0.69\",\"0.70\",\"0.71\",\"0.72\",\"0.73\",\"0.74\",\"0.75\",\"0.76\",\"0.77\",\"0.78\",\"0.79\",\"0.80\",\"0.81\",\"0.82\",\"0.83\",\"0.84\",\"0.85\",\"0.86\",\"0.87\",\"0.88\",\"0.89\",\"0.90\",\"0.91\",\"0.92\",\"0.93\",\"0.94\",\"0.95\",\"0.96\",\"0.97\",\"0.98\",\"0.99\",\"1.00\"],\"y\":[\"0.00\",\"0.01\",\"0.02\",\"0.03\",\"0.04\",\"0.05\",\"0.06\",\"0.07\",\"0.08\",\"0.09\",\"0.10\",\"0.11\",\"0.12\",\"0.13\",\"0.14\",\"0.15\",\"0.16\",\"0.17\",\"0.18\",\"0.19\",\"0.20\",\"0.21\",\"0.22\",\"0.23\",\"0.24\",\"0.25\",\"0.26\",\"0.27\",\"0.28\",\"0.29\",\"0.30\",\"0.31\",\"0.32\",\"0.33\",\"0.34\",\"0.35\",\"0.36\",\"0.37\",\"0.38\",\"0.39\",\"0.40\",\"0.41\",\"0.42\",\"0.43\",\"0.44\",\"0.45\",\"0.46\",\"0.47\",\"0.48\",\"0.49\",\"0.50\",\"0.51\",\"0.52\",\"0.53\",\"0.54\",\"0.55\",\"0.56\",\"0.57\",\"0.58\",\"0.59\",\"0.60\",\"0.61\",\"0.62\",\"0.63\",\"0.64\",\"0.65\",\"0.66\",\"0.67\",\"0.68\",\"0.69\",\"0.70\",\"0.71\",\"0.72\",\"0.73\",\"0.74\",\"0.75\",\"0.76\",\"0.77\",\"0.78\",\"0.79\",\"0.80\",\"0.81\",\"0.82\",\"0.83\",\"0.84\",\"0.85\",\"0.86\",\"0.87\",\"0.88\",\"0.89\",\"0.90\",\"0.91\",\"0.92\",\"0.93\",\"0.94\",\"0.95\",\"0.96\",\"0.97\",\"0.98\",\"0.99\",\"1.00\"],\"z\":[[0.0,0.00001,0.00002,0.00003,0.00004,0.00005,0.00006,0.00007000000000000001,0.00008,0.00008999999999999999,0.0001,0.00011,0.00012,0.00013000000000000002,0.00014000000000000001,0.00015,0.00016,0.00017,0.00017999999999999998,0.00019,0.0002,0.00021,0.00022,0.00023,0.00024,0.00025,0.00026000000000000003,0.00027,0.00028000000000000003,0.00029,0.0003,0.00031,0.00032,0.00033,0.00034,0.00035,0.00035999999999999997,0.00037,0.00038,0.00039000000000000005,0.0004,0.00041,0.00042,0.00043,0.00044,0.00045000000000000004,0.00046,0.00047,0.00048,0.00049,0.0005,0.00051,0.0005200000000000001,0.0005300000000000001,0.00054,0.00055,0.0005600000000000001,0.00057,0.00058,0.00059,0.0006,0.00061,0.00062,0.00063,0.00064,0.0006500000000000001,0.00066,0.00067,0.00068,0.00069,0.0007,0.00071,0.0007199999999999999,0.00073,0.00074,0.00075,0.00076,0.0007700000000000001,0.0007800000000000001,0.00079,0.0008,0.0008100000000000001,0.00082,0.00083,0.00084,0.00085,0.00086,0.00087,0.00088,0.0008900000000000001,0.0009000000000000001,0.00091,0.00092,0.00093,0.00094,0.00095,0.00096,0.0009699999999999999,0.00098,0.00099,0.001],[0.00001,0.0,0.00001,0.000019999999999999998,0.00003,0.00004,0.000049999999999999996,0.00006000000000000001,0.00007000000000000001,0.00008,0.00009,0.0001,0.00011,0.00012000000000000002,0.00013000000000000002,0.00014,0.00015,0.00016,0.00016999999999999999,0.00017999999999999998,0.00019,0.00019999999999999998,0.00021,0.00022,0.00022999999999999998,0.00024,0.00025,0.00026000000000000003,0.00027,0.00028,0.00029,0.0003,0.00031,0.00032,0.00033,0.00033999999999999997,0.00035,0.00035999999999999997,0.00037,0.00038,0.00039000000000000005,0.00039999999999999996,0.00041,0.00042,0.00043,0.00044,0.00045000000000000004,0.00045999999999999996,0.00047,0.00048,0.00049,0.0005,0.00051,0.0005200000000000001,0.0005300000000000001,0.00054,0.00055,0.00056,0.00057,0.00058,0.00059,0.0006,0.00061,0.00062,0.00063,0.00064,0.0006500000000000001,0.00066,0.00067,0.0006799999999999999,0.00069,0.0007,0.00071,0.0007199999999999999,0.00073,0.00074,0.00075,0.00076,0.0007700000000000001,0.0007800000000000001,0.00079,0.0008,0.00081,0.00082,0.00083,0.00084,0.00085,0.00086,0.00087,0.00088,0.0008900000000000001,0.0009000000000000001,0.00091,0.00092,0.0009299999999999999,0.00094,0.00095,0.00096,0.0009699999999999999,0.00098,0.00099],[0.00002,0.00001,0.0,9.999999999999999e-6,0.00002,0.000030000000000000004,0.000039999999999999996,0.00005,0.00006,0.00007,0.00008,0.00008999999999999999,0.00009999999999999999,0.00011,0.00012000000000000002,0.00013000000000000002,0.00014000000000000001,0.00015000000000000001,0.00016,0.00017,0.00018,0.00019,0.0002,0.00021000000000000004,0.00022,0.00023,0.00024000000000000003,0.00025,0.00026000000000000003,0.00026999999999999995,0.00028,0.00029,0.0003,0.00031,0.00032,0.00032999999999999994,0.00033999999999999997,0.00035,0.00035999999999999997,0.00037,0.00038,0.00039,0.00039999999999999996,0.00041,0.00042,0.00043,0.00044,0.00045,0.00045999999999999996,0.00047,0.00048,0.00049,0.0005,0.00051,0.0005200000000000001,0.0005300000000000001,0.00054,0.0005499999999999999,0.00056,0.00057,0.00058,0.00059,0.0006,0.00061,0.00062,0.00063,0.00064,0.0006500000000000001,0.00066,0.0006699999999999999,0.0006799999999999999,0.00069,0.0007,0.00071,0.0007199999999999999,0.00073,0.00074,0.00075,0.00076,0.0007700000000000001,0.0007800000000000001,0.00079,0.0007999999999999999,0.00081,0.00082,0.00083,0.00084,0.00085,0.00086,0.00087,0.00088,0.0008900000000000001,0.0009000000000000001,0.00091,0.0009199999999999999,0.0009299999999999999,0.00094,0.00095,0.00096,0.0009699999999999999,0.00098],[0.00003,0.000019999999999999998,9.999999999999999e-6,0.0,0.000010000000000000003,0.000020000000000000005,0.00003,0.00004000000000000001,0.00005,0.00006,0.00007000000000000001,0.00008,0.00008999999999999999,0.0001,0.00011000000000000002,0.00012,0.00013000000000000002,0.00014000000000000001,0.00015,0.00016,0.00017,0.00017999999999999998,0.00019,0.0002,0.00021,0.00022,0.00023,0.00024000000000000003,0.00025,0.00026000000000000003,0.00027,0.00028000000000000003,0.00029000000000000006,0.00030000000000000003,0.00031000000000000005,0.00031999999999999997,0.00032999999999999994,0.00033999999999999997,0.00035,0.00035999999999999997,0.00037,0.00038,0.00039000000000000005,0.0004,0.00041000000000000005,0.00042000000000000007,0.00043000000000000004,0.00043999999999999996,0.00045,0.00045999999999999996,0.00047,0.00048,0.00049,0.0005,0.00051,0.0005200000000000001,0.0005300000000000001,0.0005399999999999999,0.0005499999999999999,0.00056,0.00057,0.00058,0.00059,0.0006,0.00061,0.00062,0.00063,0.00064,0.0006500000000000001,0.0006599999999999999,0.0006699999999999999,0.0006799999999999999,0.00069,0.0007,0.00071,0.0007199999999999999,0.00073,0.00074,0.00075,0.00076,0.0007700000000000001,0.0007800000000000001,0.0007899999999999999,0.0007999999999999999,0.00081,0.00082,0.00083,0.00084,0.00085,0.00086,0.00087,0.00088,0.0008900000000000001,0.0009000000000000001,0.0009099999999999999,0.0009199999999999999,0.0009299999999999999,0.00094,0.00095,0.00096,0.0009699999999999999],[0.00004,0.00003,0.00002,0.000010000000000000003,0.0,0.000010000000000000003,0.000019999999999999998,0.000030000000000000008,0.00004,0.000049999999999999996,0.00006000000000000001,0.00007000000000000001,0.00007999999999999999,0.00008999999999999999,0.0001,0.00010999999999999999,0.00012,0.00013000000000000002,0.00014,0.00015,0.00016,0.00016999999999999999,0.00017999999999999998,0.00019,0.00019999999999999998,0.00021,0.00022,0.00023,0.00024000000000000003,0.00024999999999999995,0.00026000000000000003,0.00027,0.00028000000000000003,0.00029000000000000006,0.00030000000000000003,0.00031,0.00032,0.00033,0.00034,0.00035000000000000005,0.00036,0.00037,0.00038,0.00039000000000000005,0.0004,0.00041000000000000005,0.00042000000000000007,0.00043,0.00044,0.00045000000000000004,0.00046,0.00047000000000000004,0.00048000000000000007,0.0004900000000000001,0.0005,0.00051,0.0005200000000000001,0.00053,0.0005399999999999999,0.0005499999999999999,0.00056,0.00057,0.00058,0.00059,0.0006,0.00061,0.00062,0.00063,0.00064,0.00065,0.0006599999999999999,0.0006699999999999999,0.0006799999999999999,0.00069,0.0007,0.00071,0.0007199999999999999,0.00073,0.00074,0.00075,0.00076,0.0007700000000000001,0.00078,0.0007899999999999999,0.0007999999999999999,0.00081,0.00082,0.00083,0.00084,0.00085,0.00086,0.00087,0.00088,0.0008900000000000001,0.0009,0.0009099999999999999,0.0009199999999999999,0.0009299999999999999,0.00094,0.00095,0.00096],[0.00005,0.00004,0.000030000000000000004,0.000020000000000000005,0.000010000000000000003,0.0,9.999999999999996e-6,0.000020000000000000005,0.00003,0.000039999999999999996,0.00005,0.00006,0.00007,0.00008,0.00009,0.00009999999999999999,0.00011,0.00012000000000000002,0.00013000000000000002,0.00014000000000000001,0.00015000000000000001,0.00015999999999999999,0.00016999999999999999,0.00017999999999999998,0.00019,0.0002,0.00021000000000000004,0.00022000000000000003,0.00023000000000000003,0.00024,0.00025,0.00026000000000000003,0.00027,0.00028000000000000003,0.00029000000000000006,0.0003,0.00031,0.00032,0.00033,0.00034,0.00035000000000000005,0.00035999999999999997,0.00037,0.00038,0.00039000000000000005,0.0004,0.00041000000000000005,0.00042,0.00043,0.00044,0.00045000000000000004,0.00046,0.00047000000000000004,0.00048000000000000007,0.0004900000000000001,0.0005,0.00051,0.00052,0.00053,0.0005399999999999999,0.0005499999999999999,0.00056,0.00057,0.00058,0.00059,0.0006,0.00061,0.00062,0.00063,0.0006399999999999999,0.00065,0.0006599999999999999,0.0006699999999999999,0.0006799999999999999,0.00069,0.0007,0.00071,0.0007199999999999999,0.00073,0.00074,0.00075,0.00076,0.00077,0.00078,0.0007899999999999999,0.0007999999999999999,0.00081,0.00082,0.00083,0.00084,0.00085,0.00086,0.00087,0.00088,0.00089,0.0009,0.0009099999999999999,0.0009199999999999999,0.0009299999999999999,0.00094,0.00095],[0.00006,0.000049999999999999996,0.000039999999999999996,0.00003,0.000019999999999999998,9.999999999999996e-6,0.0,0.00001000000000000001,0.000020000000000000005,0.00003,0.00004000000000000001,0.00005,0.00006,0.00007000000000000001,0.00008000000000000002,0.00008999999999999999,0.0001,0.00011000000000000002,0.00012,0.00013000000000000002,0.00014000000000000001,0.00015,0.00016,0.00017,0.00017999999999999998,0.00019,0.0002,0.00021000000000000004,0.00022000000000000003,0.00022999999999999998,0.00024,0.00025,0.00026000000000000003,0.00027,0.00028000000000000003,0.00029,0.0003,0.00031,0.00032,0.00033,0.00034,0.00035,0.00035999999999999997,0.00037,0.00038,0.00039000000000000005,0.0004,0.00041,0.00042,0.00043,0.00044,0.00045000000000000004,0.00046,0.00047000000000000004,0.00048000000000000007,0.0004900000000000001,0.0005,0.00051,0.0005200000000000001,0.0005300000000000001,0.00054,0.00055,0.0005600000000000001,0.0005700000000000001,0.0005800000000000001,0.0005900000000000001,0.0006000000000000001,0.0006100000000000001,0.0006200000000000001,0.0006299999999999999,0.0006399999999999999,0.00065,0.0006599999999999999,0.0006699999999999999,0.0006799999999999999,0.00069,0.0007,0.00071,0.0007199999999999999,0.00073,0.00074,0.00075,0.00076,0.0007700000000000001,0.0007800000000000001,0.00079,0.0008,0.0008100000000000001,0.0008200000000000001,0.0008300000000000001,0.0008400000000000001,0.0008500000000000001,0.0008600000000000001,0.0008700000000000001,0.0008799999999999999,0.00089,0.0009,0.0009099999999999999,0.0009199999999999999,0.0009299999999999999,0.00094],[0.00007000000000000001,0.00006000000000000001,0.00005,0.00004000000000000001,0.000030000000000000008,0.000020000000000000005,0.00001000000000000001,0.0,9.999999999999996e-6,0.00001999999999999999,0.00003,0.000039999999999999996,0.00004999999999999999,0.00006,0.00007000000000000001,0.00007999999999999999,0.00008999999999999999,0.0001,0.00010999999999999999,0.00012,0.00013000000000000002,0.00014,0.00015,0.00016,0.00016999999999999999,0.00017999999999999998,0.00019,0.0002,0.00021000000000000004,0.00021999999999999998,0.00022999999999999998,0.00024,0.00025,0.00026000000000000003,0.00027,0.00028,0.00029,0.0003,0.00031,0.00032,0.00033,0.00033999999999999997,0.00035,0.00035999999999999997,0.00037,0.00038,0.00039000000000000005,0.00039999999999999996,0.00041,0.00042,0.00043,0.00044,0.00045000000000000004,0.00046,0.00047000000000000004,0.00048000000000000007,0.0004900000000000001,0.0004999999999999999,0.00051,0.0005200000000000001,0.0005300000000000001,0.00054,0.00055,0.0005600000000000001,0.0005700000000000001,0.0005800000000000001,0.0005900000000000001,0.0006000000000000001,0.0006100000000000001,0.0006199999999999999,0.0006299999999999999,0.0006399999999999999,0.00065,0.0006599999999999999,0.0006699999999999999,0.0006799999999999999,0.00069,0.0007,0.00071,0.0007199999999999999,0.00073,0.00074,0.00075,0.00076,0.0007700000000000001,0.0007800000000000001,0.00079,0.0008,0.0008100000000000001,0.0008200000000000001,0.0008300000000000001,0.0008400000000000001,0.0008500000000000001,0.0008600000000000001,0.0008699999999999999,0.0008799999999999999,0.00089,0.0009,0.0009099999999999999,0.0009199999999999999,0.0009299999999999999],[0.00008,0.00007000000000000001,0.00006,0.00005,0.00004,0.00003,0.000020000000000000005,9.999999999999996e-6,0.0,9.999999999999996e-6,0.000020000000000000005,0.00003,0.000039999999999999996,0.00005,0.000060000000000000015,0.00007,0.00008,0.00009,0.00009999999999999999,0.00011,0.00012000000000000002,0.00013000000000000002,0.00014000000000000001,0.00015000000000000001,0.00015999999999999999,0.00016999999999999999,0.00017999999999999998,0.00019,0.0002,0.00020999999999999998,0.00021999999999999998,0.00022999999999999998,0.00024,0.00025,0.00026000000000000003,0.00026999999999999995,0.00028,0.00029,0.0003,0.00031,0.00032,0.00032999999999999994,0.00033999999999999997,0.00035,0.00035999999999999997,0.00037,0.00038,0.00039,0.00039999999999999996,0.00041,0.00042,0.00043,0.00044,0.00045000000000000004,0.00046,0.00047000000000000004,0.00048000000000000007,0.00049,0.0004999999999999999,0.00051,0.0005200000000000001,0.0005300000000000001,0.00054,0.00055,0.0005600000000000001,0.0005700000000000001,0.0005800000000000001,0.0005900000000000001,0.0006000000000000001,0.00061,0.00062,0.00063,0.00064,0.0006500000000000001,0.00066,0.00067,0.00068,0.0006900000000000001,0.0007000000000000001,0.0007100000000000001,0.00072,0.0007300000000000001,0.00074,0.00075,0.00076,0.0007700000000000001,0.0007800000000000001,0.00079,0.0008,0.0008100000000000001,0.0008200000000000001,0.0008300000000000001,0.0008400000000000001,0.0008500000000000001,0.00086,0.00087,0.00088,0.0008900000000000001,0.0009000000000000001,0.00091,0.00092],[0.00008999999999999999,0.00008,0.00007,0.00006,0.000049999999999999996,0.000039999999999999996,0.00003,0.00001999999999999999,9.999999999999996e-6,0.0,0.00001000000000000001,0.000020000000000000005,0.00003,0.00004000000000000001,0.000050000000000000016,0.00006,0.00007000000000000001,0.00008000000000000002,0.00008999999999999999,0.0001,0.00011000000000000002,0.00012,0.00013000000000000002,0.00014000000000000001,0.00015,0.00016,0.00017,0.00018,0.00019000000000000004,0.00019999999999999998,0.00021,0.00022,0.00023,0.00024000000000000003,0.00025,0.00026000000000000003,0.00027,0.00028000000000000003,0.00029000000000000006,0.00030000000000000003,0.00031000000000000005,0.00031999999999999997,0.00032999999999999994,0.00033999999999999997,0.00035,0.00035999999999999997,0.00037,0.00038,0.00039000000000000005,0.0004,0.00041000000000000005,0.00042000000000000007,0.00043000000000000004,0.00044000000000000007,0.0004500000000000001,0.00046000000000000007,0.0004700000000000001,0.00048,0.00049,0.0005,0.00051,0.0005200000000000001,0.0005300000000000001,0.00054,0.00055,0.0005600000000000001,0.0005700000000000001,0.0005800000000000001,0.0005900000000000001,0.0006,0.00061,0.00062,0.00063,0.00064,0.0006500000000000001,0.00066,0.00067,0.00068,0.0006900000000000001,0.0007000000000000001,0.0007100000000000001,0.00072,0.00073,0.00074,0.00075,0.00076,0.0007700000000000001,0.0007800000000000001,0.00079,0.0008,0.0008100000000000001,0.0008200000000000001,0.0008300000000000001,0.0008400000000000001,0.00085,0.00086,0.00087,0.00088,0.0008900000000000001,0.0009000000000000001,0.00091],[0.0001,0.00009,0.00008,0.00007000000000000001,0.00006000000000000001,0.00005,0.00004000000000000001,0.00003,0.000020000000000000005,0.00001000000000000001,0.0,9.999999999999996e-6,0.00001999999999999999,0.00003,0.00004000000000000001,0.00004999999999999999,0.00006,0.00007000000000000001,0.00007999999999999999,0.00008999999999999999,0.0001,0.00010999999999999999,0.00012,0.00013000000000000002,0.00014,0.00015,0.00016,0.00017,0.00018,0.00018999999999999998,0.00019999999999999998,0.00021,0.00022,0.00023,0.00024000000000000003,0.00024999999999999995,0.00026000000000000003,0.00027,0.00028000000000000003,0.00029000000000000006,0.00030000000000000003,0.00030999999999999995,0.00031999999999999997,0.00032999999999999994,0.00033999999999999997,0.00035,0.00035999999999999997,0.00037,0.00038,0.00039000000000000005,0.0004,0.00041000000000000005,0.00042000000000000007,0.00043000000000000004,0.00044000000000000007,0.0004500000000000001,0.00046000000000000007,0.00047,0.00048,0.00049,0.0005,0.00051,0.0005200000000000001,0.0005300000000000001,0.00054,0.00055,0.0005600000000000001,0.0005700000000000001,0.0005800000000000001,0.00059,0.0006,0.00061,0.00062,0.00063,0.00064,0.0006500000000000001,0.00066,0.00067,0.00068,0.0006900000000000001,0.0007000000000000001,0.0007100000000000001,0.0007199999999999999,0.00073,0.00074,0.00075,0.00076,0.0007700000000000001,0.0007800000000000001,0.00079,0.0008,0.0008100000000000001,0.0008200000000000001,0.0008300000000000001,0.00084,0.00085,0.00086,0.00087,0.00088,0.0008900000000000001,0.0009000000000000001],[0.00011,0.0001,0.00008999999999999999,0.00008,0.00007000000000000001,0.00006,0.00005,0.000039999999999999996,0.00003,0.000020000000000000005,9.999999999999996e-6,0.0,9.999999999999996e-6,0.000020000000000000005,0.000030000000000000014,0.000039999999999999996,0.00005,0.000060000000000000015,0.00007,0.00008,0.00009,0.00009999999999999999,0.00011,0.00012000000000000002,0.00013000000000000002,0.00014000000000000001,0.00015000000000000001,0.00016000000000000004,0.00017000000000000004,0.00017999999999999998,0.00019,0.0002,0.00021000000000000004,0.00022000000000000003,0.00023000000000000003,0.00024,0.00025,0.00026000000000000003,0.00027,0.00028000000000000003,0.00029000000000000006,0.0003,0.00031,0.00032,0.00033,0.00034,0.00035000000000000005,0.00035999999999999997,0.00037,0.00038,0.00039000000000000005,0.0004,0.00041000000000000005,0.00042000000000000007,0.00043000000000000004,0.00044000000000000007,0.0004500000000000001,0.00045999999999999996,0.00047,0.00048,0.00049,0.0005,0.00051,0.0005200000000000001,0.0005300000000000001,0.00054,0.00055,0.0005600000000000001,0.0005700000000000001,0.00058,0.00059,0.0006,0.00061,0.00062,0.00063,0.00064,0.0006500000000000001,0.00066,0.00067,0.00068,0.0006900000000000001,0.0007000000000000001,0.00071,0.0007199999999999999,0.00073,0.00074,0.00075,0.00076,0.0007700000000000001,0.0007800000000000001,0.00079,0.0008,0.0008100000000000001,0.0008200000000000001,0.00083,0.00084,0.00085,0.00086,0.00087,0.00088,0.0008900000000000001],[0.00012,0.00011,0.00009999999999999999,0.00008999999999999999,0.00007999999999999999,0.00007,0.00006,0.00004999999999999999,0.000039999999999999996,0.00003,0.00001999999999999999,9.999999999999996e-6,0.0,0.00001000000000000001,0.00002000000000000002,0.00003,0.00004000000000000001,0.000050000000000000016,0.00006,0.00007000000000000001,0.00008000000000000002,0.00008999999999999999,0.0001,0.00011000000000000002,0.00012,0.00013000000000000002,0.00014000000000000001,0.00015000000000000001,0.00016000000000000004,0.00016999999999999999,0.00017999999999999998,0.00019,0.0002,0.00021000000000000004,0.00022000000000000003,0.00022999999999999998,0.00024,0.00025,0.00026000000000000003,0.00027,0.00028000000000000003,0.00029,0.0003,0.00031,0.00032,0.00033,0.00034,0.00035,0.00035999999999999997,0.00037,0.00038,0.00039000000000000005,0.0004,0.00041000000000000005,0.00042000000000000007,0.00043000000000000004,0.00044000000000000007,0.00045,0.00045999999999999996,0.00047,0.00048,0.00049,0.0005,0.00051,0.0005200000000000001,0.0005300000000000001,0.00054,0.00055,0.0005600000000000001,0.00057,0.00058,0.00059,0.0006,0.00061,0.00062,0.00063,0.00064,0.0006500000000000001,0.00066,0.00067,0.00068,0.0006900000000000001,0.0007,0.00071,0.0007199999999999999,0.00073,0.00074,0.00075,0.00076,0.0007700000000000001,0.0007800000000000001,0.00079,0.0008,0.0008100000000000001,0.00082,0.00083,0.00084,0.00085,0.00086,0.00087,0.00088],[0.00013000000000000002,0.00012000000000000002,0.00011,0.0001,0.00008999999999999999,0.00008,0.00007000000000000001,0.00006,0.00005,0.00004000000000000001,0.00003,0.000020000000000000005,0.00001000000000000001,0.0,0.00001000000000000001,0.00001999999999999999,0.00003,0.00004000000000000001,0.00004999999999999999,0.00006,0.00007000000000000001,0.00007999999999999999,0.00008999999999999999,0.0001,0.00010999999999999999,0.00012,0.00013000000000000002,0.00014000000000000001,0.00015000000000000001,0.00015999999999999999,0.00016999999999999999,0.00017999999999999998,0.00019,0.0002,0.00021000000000000004,0.00021999999999999998,0.00022999999999999998,0.00024,0.00025,0.00026000000000000003,0.00027,0.00028,0.00029,0.0003,0.00031,0.00032,0.00033,0.00033999999999999997,0.00035,0.00035999999999999997,0.00037,0.00038,0.00039000000000000005,0.0004,0.00041000000000000005,0.00042000000000000007,0.00043000000000000004,0.00043999999999999996,0.00045,0.00045999999999999996,0.00047,0.00048,0.00049,0.0005,0.00051,0.0005200000000000001,0.0005300000000000001,0.00054,0.00055,0.00056,0.00057,0.00058,0.00059,0.0006,0.00061,0.00062,0.00063,0.00064,0.0006500000000000001,0.00066,0.00067,0.00068,0.00069,0.0007,0.00071,0.0007199999999999999,0.00073,0.00074,0.00075,0.00076,0.0007700000000000001,0.0007800000000000001,0.00079,0.0008,0.00081,0.00082,0.00083,0.00084,0.00085,0.00086,0.00087],[0.00014000000000000001,0.00013000000000000002,0.00012000000000000002,0.00011000000000000002,0.0001,0.00009,0.00008000000000000002,0.00007000000000000001,0.000060000000000000015,0.000050000000000000016,0.00004000000000000001,0.000030000000000000014,0.00002000000000000002,0.00001000000000000001,0.0,9.99999999999998e-6,0.00001999999999999999,0.00003,0.00003999999999999998,0.00004999999999999999,0.00006,0.00006999999999999998,0.00007999999999999999,0.00008999999999999999,0.00009999999999999998,0.000109999999999999